0,485
0,484
32,8
0,483
0,482
0,481
0,480
140,40
140,39
140,38
140,37
140,36
140,35
137,0
136,3
136,2
136,1
136,0
135,5
135,4
135,3
135,2
135,1
135,0
134,6
134,5
134,4
134,3
134,2
134,1
134,0
133,4
133,3
133,2
133,1
133,0
132,4
132,3
132,2
132,1
132,0
131,4
131,3
131,2
131,1
131,0
127,4
127,3
127,2
127,1
127,0
125,6
125,5
125,4
125,3
125,2
125,1
125,0
124,4
124,3
124,2
124,1
124,0
123,4
123,3
123,2
123,1
123,0
122,4
122,3
122,2
122,1
122,0
121,6
121,5
121,4
121,3
121,2
121,1
121,0
120,6
120,5
120,4
120,3
120,2
120,1
120,0
119,5
119,4
119,3
119,2
119,1
119,0
118,4
118,3
118,2
118,1
118,0
114,4
114,3
114,2
114,1
114,0
111,7
111,6
111,5
111,4
111,3
111,2
111,1
111,0
110,3
110,2
110,1
110,0
107,4
107,3
107,2
107,1
107,0
103,4
103,3
103,2
103,1
103,0
102,4
102,3
102,2
102,1
102,0
99,3
99,2
99,1
99,0
98,4
98,3
98,2
98,1
98,0
97,6
97,5
97,4
97,3
97,2
97,1
97,0
95,7
95,6
95,5
95,4
95,3
95,2
95,1
95,0
94,5
94,4
94,3
94,2
94,1
94,0
93,4
93,3
93,2
93,1
93,0
92,5
92,4
92,3
92,2
92,1
92,0
91,3
91,2
